[DAQ]
DeviceName = FreqLockDAQ

[WAVEMETER]
IP = 127.0.0.1
Port = 65431
Laser1 = seed1
Laser2 = seed2

[CAVITY]
RMS = 30
LockThreshold = 1.8
PeakCriterion = 0.35
ScanTime = 10
ScanSamples = 1500
ScanOffset = 2.341078723143362
ScanAmplitude = 2.1
PGain = 2.0
IGain = 5.0
FSR = 1.0
Wavelength = 852.3565294
Lockpoint = 4.5
MinVoltage = -2.0
MaxVoltage = 10.0
InputChannel = 0
OutputChannel = 0

[LASER1]
Name = Seed 1
LockpointR = 0.6109259961515815
LockpointMHz = -86.99968254502801
Wavelength = 1086.7683
PeakCriterion = 0.4
LockThreshold = 1.0
PGain = 3.0
IGain = 10.0
MinVoltage = 0.0
MaxVoltage = 5.0
SetVoltage = 4.0468762424569755
InputChannel = 1
OutputChannel = 1
PowerChannel = 4

[LASER2]
Name = Seed 2
LockpointR = 0.6466207938689371
LockpointMHz = -115.00000000000001
Wavelength = 1086.7234
PeakCriterion = 0.4
LockThreshold = 1.0
PGain = 3.0
IGain = 10.0
MinVoltage = 0.0
MaxVoltage = 5.0
SetVoltage = 0.537191306741419
InputChannel = 2
OutputChannel = 2
PowerChannel = 5

